0 3
0 5
0 6
0 7
0 11
0 12
0 14
0 16
0 18
0 21
0 22
0 24
0 27
0 29
0 34
0 37
0 38
0 41
0 42
0 43
0 45
0 46
0 47
0 57
0 63
0 64
0 65
0 67
0 72
0 73
0 74
0 75
0 76
0 77
0 80
0 82
0 90
0 91
0 92
0 93
1 4
1 6
1 8
1 10
1 12
1 13
1 15
1 17
1 23
1 29
1 33
1 36
1 38
1 39
1 43
1 45
1 46
1 49
1 51
1 59
1 64
1 69
1 72
1 78
1 81
1 82
1 83
1 91
1 93
1 94
1 96
1 97
1 98
1 99
2 7
2 9
2 12
2 15
2 19
2 20
2 27
2 29
2 30
2 33
2 38
2 40
2 41
2 42
2 43
2 47
2 48
2 51
2 55
2 57
2 58
2 61
2 63
2 67
2 69
2 70
2 72
2 76
2 81
2 82
2 84
2 85
2 87
2 92
2 93
2 98
2 99
3 8
3 11
3 14
3 19
3 21
3 22
3 30
3 34
3 40
3 43
3 44
3 46
3 47
3 48
3 49
3 51
3 52
3 58
3 59
3 61
3 64
3 65
3 66
3 67
3 68
3 74
3 75
3 79
3 84
3 85
3 86
3 87
3 88
3 89
3 93
3 94
3 95
3 96
3 98
4 8
4 10
4 13
4 14
4 16
4 20
4 24
4 26
4 28
4 29
4 31
4 34
4 36
4 38
4 39
4 41
4 42
4 45
4 48
4 52
4 54
4 55
4 61
4 63
4 64
4 65
4 66
4 70
4 71
4 72
4 73
4 74
4 75
4 77
4 78
4 83
4 86
4 89
4 92
4 93
4 97
5 8
5 9
5 11
5 12
5 14
5 17
5 20
5 21
5 24
5 27
5 28
5 33
5 34
5 36
5 37
5 38
5 40
5 50
5 54
5 58
5 59
5 63
5 65
5 66
5 67
5 68
5 69
5 70
5 71
5 72
5 76
5 78
5 80
5 82
5 84
5 86
5 88
5 89
5 90
5 96
5 97
6 7
6 8
6 10
6 11
6 12
6 14
6 15
6 16
6 17
6 19
6 23
6 25
6 26
6 27
6 31
6 33
6 42
6 44
6 46
6 48
6 51
6 54
6 57
6 60
6 63
6 65
6 69
6 72
6 75
6 81
6 85
6 89
6 92
7 8
7 13
7 15
7 17
7 18
7 20
7 21
7 23
7 24
7 26
7 27
7 28
7 29
7 31
7 33
7 38
7 40
7 41
7 44
7 48
7 50
7 52
7 53
7 54
7 61
7 63
7 65
7 71
7 73
7 74
7 81
7 85
7 86
7 87
7 88
7 89
7 90
7 92
7 93
7 95
7 97
7 98
8 12
8 13
8 18
8 22
8 32
8 33
8 34
8 36
8 40
8 42
8 43
8 44
8 45
8 46
8 47
8 48
8 51
8 58
8 63
8 64
8 66
8 70
8 71
8 72
8 77
8 78
8 79
8 83
8 85
8 90
8 92
8 93
8 95
8 97
9 10
9 13
9 15
9 19
9 20
9 22
9 23
9 24
9 25
9 26
9 30
9 34
9 38
9 39
9 41
9 42
9 43
9 50
9 51
9 58
9 60
9 61
9 65
9 66
9 73
9 77
9 82
9 85
9 86
9 92
9 93
9 96
9 98
9 99
10 11
10 12
10 19
10 21
10 22
10 24
10 25
10 26
10 27
10 34
10 38
10 46
10 48
10 50
10 51
10 55
10 57
10 58
10 60
10 61
10 64
10 65
10 67
10 70
10 74
10 75
10 78
10 81
10 82
10 83
10 85
10 86
10 88
10 89
10 90
10 94
10 95
10 97
10 99
11 15
11 16
11 19
11 20
11 21
11 23
11 24
11 27
11 28
11 30
11 31
11 32
11 37
11 39
11 40
11 46
11 47
11 48
11 49
11 54
11 57
11 59
11 61
11 62
11 63
11 68
11 71
11 72
11 74
11 78
11 81
11 90
11 91
11 94
11 97
11 98
12 16
12 22
12 23
12 26
12 28
12 29
12 30
12 33
12 36
12 40
12 44
12 47
12 49
12 52
12 54
12 61
12 62
12 63
12 64
12 65
12 66
12 69
12 74
12 76
12 77
12 79
12 81
12 84
12 85
12 87
12 89
12 91
12 92
12 93
13 16
13 17
13 19
13 21
13 25
13 27
13 29
13 30
13 35
13 39
13 40
13 41
13 43
13 44
13 46
13 53
13 57
13 60
13 64
13 67
13 69
13 70
13 71
13 72
13 74
13 78
13 79
13 82
13 84
13 85
13 89
13 91
13 92
13 93
13 95
14 18
14 22
14 24
14 25
14 27
14 28
14 29
14 31
14 32
14 35
14 38
14 40
14 42
14 43
14 45
14 49
14 50
14 51
14 54
14 56
14 57
14 60
14 61
14 63
14 64
14 66
14 68
14 69
14 70
14 71
14 72
14 76
14 80
14 83
14 85
14 86
14 87
14 92
14 94
14 97
14 98
15 20
15 24
15 29
15 33
15 35
15 36
15 37
15 39
15 42
15 43
15 44
15 45
15 46
15 47
15 49
15 50
15 51
15 52
15 56
15 57
15 58
15 59
15 61
15 65
15 66
15 67
15 68
15 69
15 70
15 73
15 74
15 76
15 78
15 80
15 82
15 83
15 85
15 88
15 90
15 95
16 24
16 32
16 33
16 36
16 37
16 43
16 44
16 45
16 47
16 49
16 52
16 53
16 58
16 63
16 66
16 72
16 73
16 74
16 76
16 77
16 80
16 84
16 85
16 86
16 89
16 91
16 92
16 94
16 97
17 18
17 21
17 23
17 24
17 27
17 31
17 32
17 36
17 38
17 40
17 42
17 53
17 54
17 55
17 57
17 60
17 61
17 62
17 67
17 68
17 70
17 73
17 74
17 76
17 78
17 82
17 84
17 87
17 88
17 91
17 92
17 95
17 98
18 24
18 25
18 35
18 37
18 39
18 42
18 43
18 47
18 50
18 54
18 55
18 56
18 58
18 59
18 63
18 64
18 66
18 68
18 71
18 72
18 74
18 75
18 81
18 85
18 86
18 91
18 92
18 93
18 95
18 97
18 98
19 20
19 23
19 24
19 27
19 29
19 31
19 32
19 34
19 37
19 40
19 43
19 44
19 47
19 50
19 63
19 66
19 67
19 69
19 72
19 73
19 74
19 75
19 76
19 80
19 82
19 83
19 85
19 87
19 88
19 91
19 92
19 93
19 94
19 96
19 98
20 21
20 22
20 24
20 31
20 33
20 34
20 36
20 39
20 42
20 45
20 48
20 51
20 52
20 54
20 55
20 58
20 59
20 62
20 63
20 66
20 69
20 70
20 76
20 77
20 78
20 84
20 86
20 88
20 90
20 93
20 98
21 23
21 25
21 27
21 33
21 36
21 37
21 38
21 40
21 42
21 43
21 48
21 49
21 51
21 54
21 56
21 57
21 58
21 63
21 65
21 75
21 76
21 78
21 80
21 83
21 85
21 91
21 95
21 97
21 99
22 23
22 24
22 26
22 28
22 33
22 34
22 35
22 37
22 38
22 39
22 42
22 43
22 45
22 48
22 50
22 51
22 54
22 56
22 57
22 58
22 61
22 62
22 63
22 65
22 68
22 70
22 72
22 73
22 77
22 79
22 82
22 83
22 85
22 86
22 87
22 88
22 89
22 92
22 93
22 94
22 95
22 96
22 98
22 99
23 27
23 28
23 29
23 36
23 38
23 41
23 42
23 46
23 48
23 49
23 50
23 56
23 59
23 63
23 65
23 66
23 68
23 69
23 72
23 73
23 74
23 75
23 79
23 80
23 81
23 83
23 90
23 91
23 97
23 99
24 28
24 30
24 32
24 33
24 34
24 36
24 37
24 41
24 49
24 50
24 51
24 54
24 55
24 56
24 58
24 64
24 67
24 68
24 70
24 72
24 73
24 75
24 76
24 79
24 81
24 84
24 86
24 90
24 91
24 92
24 93
25 26
25 28
25 29
25 32
25 34
25 35
25 40
25 41
25 43
25 48
25 51
25 55
25 56
25 61
25 64
25 66
25 67
25 68
25 71
25 73
25 74
25 75
25 76
25 78
25 80
25 81
25 82
25 83
25 89
25 90
25 95
25 98
26 28
26 30
26 32
26 35
26 41
26 43
26 44
26 45
26 47
26 49
26 50
26 52
26 53
26 66
26 72
26 80
26 84
26 85
26 86
26 87
26 88
26 89
26 93
26 97
26 99
27 28
27 29
27 30
27 35
27 37
27 38
27 39
27 42
27 43
27 47
27 49
27 51
27 53
27 56
27 66
27 67
27 68
27 72
27 76
27 77
27 81
27 82
27 83
27 84
27 85
27 87
27 88
27 92
27 93
27 94
27 96
27 97
27 99
28 35
28 36
28 41
28 43
28 45
28 46
28 49
28 56
28 58
28 61
28 63
28 67
28 68
28 71
28 72
28 76
28 77
28 82
28 86
28 88
28 95
29 30
29 31
29 32
29 35
29 40
29 41
29 43
29 46
29 48
29 50
29 52
29 56
29 59
29 63
29 71
29 74
29 82
29 83
29 84
29 85
29 86
29 88
29 89
29 92
29 94
29 95
29 96
30 35
30 36
30 37
30 39
30 40
30 42
30 43
30 47
30 50
30 51
30 54
30 57
30 61
30 65
30 67
30 68
30 72
30 75
30 78
30 91
30 94
30 95
30 99
31 32
31 34
31 35
31 36
31 37
31 41
31 45
31 49
31 57
31 59
31 64
31 69
31 72
31 74
31 75
31 77
31 79
31 81
31 82
31 83
31 84
31 85
31 87
31 90
31 95
31 96
31 98
32 34
32 45
32 48
32 52
32 53
32 54
32 57
32 59
32 64
32 66
32 67
32 68
32 70
32 71
32 74
32 77
32 78
32 79
32 81
32 86
32 88
32 89
32 90
32 93
32 97
32 98
33 34
33 35
33 36
33 38
33 41
33 42
33 44
33 45
33 47
33 48
33 57
33 58
33 60
33 61
33 64
33 67
33 69
33 72
33 73
33 74
33 75
33 77
33 83
33 84
33 86
33 90
33 94
34 35
34 36
34 38
34 39
34 40
34 44
34 47
34 50
34 51
34 56
34 57
34 63
34 65
34 66
34 69
34 73
34 78
34 79
34 81
34 84
34 89
34 92
34 94
34 95
34 98
34 99
35 36
35 37
35 38
35 39
35 40
35 41
35 42
35 44
35 45
35 49
35 50
35 51
35 54
35 56
35 58
35 59
35 60
35 63
35 65
35 66
35 67
35 69
35 70
35 71
35 75
35 76
35 78
35 79
35 80
35 81
35 84
35 85
35 91
36 37
36 39
36 40
36 41
36 42
36 43
36 45
36 46
36 47
36 48
36 49
36 50
36 53
36 54
36 55
36 56
36 59
36 60
36 64
36 65
36 68
36 70
36 71
36 72
36 73
36 79
36 80
36 85
36 89
36 93
36 96
37 39
37 40
37 41
37 42
37 52
37 54
37 55
37 56
37 57
37 58
37 59
37 60
37 63
37 64
37 65
37 67
37 69
37 70
37 72
37 75
37 77
37 78
37 80
37 81
37 88
37 90
37 91
37 92
37 94
37 95
37 96
38 39
38 43
38 44
38 47
38 49
38 50
38 51
38 52
38 53
38 54
38 55
38 57
38 58
38 59
38 61
38 65
38 66
38 67
38 70
38 72
38 75
38 76
38 77
38 80
38 83
38 84
38 89
38 91
38 93
38 96
38 99
39 40
39 41
39 46
39 48
39 53
39 55
39 57
39 58
39 60
39 62
39 72
39 75
39 76
39 77
39 80
39 85
39 87
39 89
39 93
40 41
40 46
40 47
40 53
40 54
40 57
40 60
40 61
40 68
40 69
40 72
40 75
40 79
40 80
40 82
40 84
40 85
40 86
40 88
40 89
40 90
40 92
40 96
40 97
41 43
41 45
41 47
41 49
41 50
41 53
41 58
41 62
41 64
41 67
41 68
41 72
41 73
41 78
41 83
41 84
41 86
41 90
41 94
41 99
42 43
42 45
42 50
42 51
42 54
42 60
42 61
42 65
42 75
42 76
42 81
42 82
42 84
42 85
42 86
42 87
42 89
42 90
42 91
42 92
42 93
42 96
42 97
42 99
43 46
43 47
43 48
43 53
43 56
43 59
43 62
43 63
43 74
43 76
43 80
43 86
43 88
43 90
43 91
43 92
43 94
43 96
43 97
43 99
44 45
44 48
44 56
44 57
44 59
44 64
44 67
44 71
44 72
44 75
44 79
44 80
44 84
44 85
44 87
44 88
44 89
44 90
44 92
44 93
44 96
45 47
45 49
45 50
45 52
45 58
45 60
45 62
45 66
45 73
45 74
45 75
45 77
45 81
45 84
45 87
45 90
45 93
45 96
45 99
46 49
46 50
46 53
46 54
46 56
46 57
46 58
46 63
46 64
46 65
46 67
46 70
46 71
46 73
46 79
46 81
46 82
46 83
46 85
46 87
46 93
46 96
47 48
47 52
47 55
47 57
47 61
47 62
47 63
47 68
47 71
47 72
47 74
47 77
47 78
47 79
47 80
47 81
47 82
47 84
47 87
47 91
47 92
47 93
47 94
47 96
48 50
48 53
48 54
48 55
48 57
48 58
48 59
48 62
48 64
48 65
48 66
48 67
48 69
48 70
48 72
48 80
48 81
48 83
48 85
48 86
48 89
48 94
48 96
49 54
49 57
49 65
49 66
49 69
49 72
49 74
49 75
49 77
49 79
49 80
49 81
49 82
49 85
49 89
49 91
49 92
49 94
49 97
49 99
50 53
50 54
50 55
50 56
50 61
50 62
50 65
50 66
50 68
50 69
50 75
50 76
50 80
50 83
50 84
50 87
50 91
50 92
51 52
51 56
51 57
51 58
51 60
51 62
51 63
51 66
51 68
51 71
51 72
51 74
51 75
51 76
51 79
51 80
51 83
51 85
51 91
51 95
51 97
51 98
51 99
52 59
52 61
52 72
52 74
52 76
52 77
52 80
52 85
52 86
52 87
52 89
52 91
52 93
52 94
53 56
53 57
53 58
53 62
53 71
53 72
53 74
53 75
53 78
53 79
53 80
53 82
53 83
53 84
53 85
53 89
53 91
53 93
53 95
54 55
54 56
54 58
54 59
54 60
54 63
54 64
54 65
54 67
54 68
54 77
54 82
54 88
54 89
54 91
54 95
54 96
55 60
55 61
55 63
55 65
55 68
55 69
55 71
55 72
55 74
55 75
55 76
55 79
55 81
55 82
55 86
55 88
55 89
55 91
55 98
55 99
56 59
56 61
56 63
56 64
56 70
56 74
56 75
56 76
56 77
56 78
56 79
56 81
56 82
56 83
56 86
56 87
56 88
56 89
56 90
56 91
56 92
56 97
56 99
57 59
57 60
57 61
57 63
57 64
57 66
57 68
57 71
57 77
57 78
57 80
57 81
57 84
57 85
57 88
57 89
57 93
57 99
58 59
58 61
58 62
58 66
58 67
58 68
58 69
58 77
58 78
58 79
58 82
58 89
58 90
58 92
58 93
58 95
58 96
59 63
59 64
59 66
59 67
59 69
59 70
59 71
59 74
59 77
59 78
59 79
59 85
59 92
59 99
60 63
60 65
60 66
60 73
60 77
60 80
60 87
60 88
60 89
60 93
60 97
60 99
61 65
61 69
61 73
61 79
61 81
61 83
61 84
61 87
61 88
61 91
61 92
61 94
61 95
61 97
61 98
61 99
62 64
62 65
62 67
62 69
62 70
62 74
62 78
62 80
62 83
62 85
62 86
62 89
62 90
62 91
62 93
62 97
63 64
63 65
63 67
63 69
63 70
63 77
63 79
63 82
63 84
63 88
63 91
63 92
63 97
63 99
64 66
64 70
64 72
64 73
64 74
64 78
64 79
64 85
64 86
64 94
64 97
64 99
65 67
65 69
65 74
65 78
65 80
65 91
65 92
65 94
65 97
66 67
66 70
66 71
66 75
66 76
66 78
66 81
66 85
66 86
66 87
66 88
66 90
66 92
66 93
66 95
66 96
66 98
66 99
67 69
67 70
67 73
67 74
67 75
67 76
67 77
67 78
67 79
67 80
67 83
67 84
67 88
67 90
67 93
67 96
67 97
68 69
68 70
68 71
68 72
68 75
68 78
68 80
68 84
68 91
68 93
69 72
69 74
69 78
69 83
69 84
69 86
69 87
69 89
69 90
69 93
69 95
69 97
69 98
70 72
70 73
70 76
70 78
70 80
70 84
70 85
70 86
70 88
70 91
70 94
70 97
71 73
71 74
71 76
71 77
71 78
71 80
71 81
71 82
71 83
71 85
71 89
71 91
71 93
71 97
72 75
72 81
72 82
72 84
72 86
72 88
72 93
72 96
72 98
72 99
73 74
73 77
73 79
73 80
73 81
73 82
73 89
73 93
73 99
74 78
74 87
74 88
74 91
74 94
74 96
74 98
75 77
75 80
75 83
75 87
75 91
75 92
75 93
75 98
76 82
76 84
76 85
76 86
76 87
76 89
76 94
76 98
77 80
77 81
77 83
77 85
77 86
77 87
77 90
77 91
77 92
77 95
77 98
78 79
78 83
78 86
78 87
78 89
78 94
78 98
78 99
79 80
79 82
79 86
79 87
79 91
79 92
79 94
80 81
80 82
80 86
80 89
80 91
80 92
80 93
80 94
80 95
80 96
80 97
80 98
80 99
81 82
81 84
81 86
81 90
81 92
81 99
82 84
82 86
82 87
82 90
82 91
82 93
82 95
82 97
82 99
83 84
83 87
83 89
83 92
83 93
83 94
83 96
83 97
84 89
84 91
84 93
84 95
84 97
84 98
84 99
85 86
85 87
85 94
85 95
85 96
85 97
85 99
86 88
86 94
86 97
86 99
87 89
87 92
87 93
87 94
87 95
87 98
88 89
88 90
88 91
88 95
88 96
88 97
89 91
89 97
89 99
90 91
90 95
91 92
91 94
91 95
91 96
91 97
91 99
92 94
92 96
92 97
93 94
93 95
93 98
94 95
94 97
94 98
95 97
95 98
96 98
97 99
