0 1
0 2
0 3
0 11
0 16
0 20
0 23
0 31
0 34
0 35
0 36
0 37
0 40
0 57
0 64
0 67
0 68
0 69
0 73
0 76
0 80
0 91
0 95
0 98
1 2
1 3
1 4
1 11
1 17
1 18
1 21
1 26
1 27
1 30
1 31
1 34
1 36
1 39
1 50
1 51
1 52
1 56
1 61
1 66
1 67
1 69
1 74
1 75
1 76
1 87
1 88
1 95
1 96
1 97
2 4
2 6
2 13
2 17
2 21
2 22
2 25
2 26
2 27
2 28
2 33
2 40
2 42
2 43
2 45
2 46
2 47
2 48
2 54
2 55
2 56
2 57
2 58
2 60
2 61
2 62
2 70
2 73
2 75
2 79
2 81
2 82
2 84
2 85
2 89
2 90
2 92
2 99
3 5
3 7
3 8
3 12
3 15
3 22
3 23
3 25
3 26
3 32
3 36
3 38
3 42
3 51
3 54
3 55
3 59
3 60
3 61
3 72
3 78
3 79
3 80
3 83
3 84
3 89
3 90
3 94
3 96
3 97
4 6
4 10
4 13
4 14
4 17
4 24
4 26
4 30
4 31
4 32
4 36
4 39
4 49
4 52
4 55
4 58
4 59
4 61
4 68
4 70
4 72
4 73
4 76
4 77
4 81
4 83
4 84
4 86
4 89
4 93
4 94
4 95
5 6
5 7
5 12
5 20
5 21
5 24
5 26
5 28
5 40
5 63
5 64
5 66
5 69
5 70
5 72
5 73
5 74
5 81
5 91
5 94
6 8
6 17
6 18
6 19
6 21
6 27
6 33
6 39
6 41
6 42
6 45
6 48
6 49
6 53
6 58
6 59
6 62
6 68
6 69
6 72
6 73
6 74
6 78
6 79
6 80
6 81
6 85
6 87
6 92
6 94
6 97
7 13
7 15
7 22
7 24
7 33
7 34
7 36
7 44
7 45
7 47
7 53
7 55
7 58
7 59
7 62
7 68
7 74
7 78
7 82
7 84
7 89
7 92
7 94
7 99
8 10
8 14
8 16
8 19
8 28
8 31
8 32
8 33
8 36
8 45
8 50
8 51
8 53
8 56
8 60
8 61
8 62
8 63
8 75
8 80
8 82
8 83
8 84
8 85
8 89
8 95
8 98
9 10
9 16
9 17
9 18
9 25
9 27
9 34
9 35
9 40
9 44
9 46
9 47
9 49
9 53
9 58
9 59
9 60
9 62
9 64
9 66
9 69
9 71
9 74
9 78
9 83
9 84
9 92
9 93
10 12
10 14
10 18
10 19
10 26
10 29
10 33
10 47
10 51
10 58
10 78
10 83
10 84
10 86
10 87
10 91
10 96
10 98
10 99
11 13
11 17
11 18
11 21
11 23
11 24
11 25
11 34
11 35
11 37
11 38
11 40
11 41
11 43
11 44
11 51
11 55
11 58
11 59
11 61
11 68
11 69
11 71
11 76
11 81
11 86
11 87
12 22
12 33
12 40
12 41
12 43
12 44
12 46
12 47
12 48
12 49
12 52
12 55
12 56
12 57
12 58
12 61
12 63
12 65
12 67
12 71
12 73
12 75
12 78
12 80
12 81
12 87
12 92
12 94
12 96
12 98
13 14
13 15
13 19
13 25
13 31
13 32
13 34
13 38
13 44
13 46
13 57
13 59
13 60
13 62
13 65
13 68
13 69
13 71
13 73
13 77
13 79
13 80
13 81
13 82
13 84
13 86
13 93
13 97
13 99
14 17
14 21
14 23
14 25
14 31
14 34
14 36
14 37
14 47
14 56
14 59
14 61
14 68
14 70
14 82
14 84
14 87
14 96
14 98
15 17
15 23
15 24
15 29
15 35
15 41
15 42
15 46
15 49
15 50
15 51
15 52
15 55
15 56
15 58
15 62
15 64
15 70
15 80
15 81
15 82
15 90
16 17
16 19
16 22
16 25
16 31
16 33
16 36
16 38
16 44
16 45
16 46
16 50
16 54
16 57
16 60
16 62
16 71
16 76
16 81
16 83
16 85
16 87
16 88
16 90
16 91
16 98
16 99
17 22
17 30
17 33
17 38
17 40
17 45
17 51
17 52
17 55
17 58
17 65
17 69
17 71
17 74
17 82
17 87
17 88
17 95
18 20
18 26
18 30
18 31
18 32
18 35
18 42
18 43
18 44
18 53
18 55
18 57
18 59
18 61
18 63
18 67
18 68
18 70
18 71
18 73
18 74
18 77
18 81
18 84
18 91
18 93
18 96
18 99
19 21
19 24
19 25
19 26
19 30
19 33
19 37
19 39
19 49
19 51
19 56
19 59
19 65
19 76
19 80
19 81
19 86
19 89
19 90
19 94
19 95
19 97
20 25
20 26
20 29
20 32
20 45
20 47
20 49
20 51
20 52
20 55
20 56
20 64
20 67
20 70
20 71
20 74
20 77
20 86
20 87
20 88
20 94
21 22
21 24
21 25
21 28
21 30
21 34
21 37
21 42
21 44
21 46
21 49
21 55
21 57
21 80
21 82
21 83
21 86
21 88
21 91
21 93
21 94
21 98
21 99
22 27
22 28
22 30
22 33
22 36
22 37
22 49
22 51
22 54
22 60
22 70
22 71
22 76
22 78
22 81
22 82
22 84
22 96
22 99
23 25
23 27
23 29
23 30
23 35
23 37
23 38
23 41
23 46
23 48
23 49
23 50
23 52
23 56
23 65
23 68
23 73
23 75
23 81
23 83
23 84
23 85
23 89
23 91
23 92
23 99
24 29
24 37
24 38
24 44
24 45
24 47
24 49
24 52
24 53
24 54
24 55
24 57
24 62
24 67
24 68
24 76
24 79
24 82
24 83
24 84
24 86
24 87
24 88
24 90
24 91
24 96
24 98
25 26
25 34
25 39
25 44
25 53
25 54
25 61
25 66
25 75
25 76
25 81
25 82
25 87
25 88
25 90
25 92
25 95
25 97
26 33
26 35
26 36
26 45
26 47
26 49
26 55
26 58
26 59
26 62
26 69
26 70
26 72
26 75
26 76
26 82
26 83
26 84
26 89
26 96
26 97
27 28
27 30
27 38
27 40
27 41
27 45
27 46
27 52
27 53
27 61
27 62
27 63
27 65
27 66
27 72
27 73
27 74
27 79
27 82
27 84
27 91
27 92
27 94
27 97
28 36
28 38
28 40
28 45
28 46
28 60
28 63
28 70
28 71
28 74
28 75
28 77
28 78
28 79
28 84
28 86
28 87
28 88
28 89
28 91
28 96
28 98
28 99
29 30
29 31
29 32
29 34
29 36
29 37
29 53
29 56
29 57
29 60
29 62
29 64
29 65
29 66
29 70
29 74
29 81
29 82
29 89
29 95
29 99
30 39
30 40
30 43
30 48
30 53
30 59
30 60
30 69
30 70
30 77
30 79
30 81
30 82
30 86
30 91
30 99
31 34
31 35
31 38
31 45
31 48
31 49
31 54
31 56
31 67
31 68
31 70
31 71
31 72
31 79
31 80
31 81
31 83
31 85
31 86
31 89
31 91
31 98
32 35
32 36
32 38
32 39
32 46
32 47
32 52
32 55
32 58
32 64
32 65
32 69
32 70
32 73
32 75
32 76
32 77
32 82
32 86
32 89
32 91
32 93
32 94
32 97
32 99
33 35
33 38
33 46
33 47
33 51
33 57
33 62
33 65
33 66
33 70
33 73
33 74
33 84
34 35
34 50
34 57
34 61
34 63
34 64
34 66
34 67
34 69
34 72
34 73
34 78
34 79
34 80
34 90
34 94
34 99
35 37
35 46
35 48
35 49
35 53
35 55
35 66
35 68
35 70
35 71
35 76
35 81
35 82
35 83
35 84
35 86
35 88
35 92
35 96
36 37
36 39
36 43
36 44
36 47
36 49
36 50
36 51
36 52
36 53
36 55
36 61
36 64
36 66
36 67
36 70
36 71
36 73
36 74
36 79
36 94
36 96
36 97
36 99
37 38
37 41
37 42
37 47
37 50
37 52
37 61
37 64
37 66
37 72
37 76
37 83
37 84
37 86
37 89
37 92
37 94
37 96
37 98
38 39
38 41
38 51
38 53
38 54
38 56
38 62
38 64
38 65
38 66
38 69
38 77
38 81
38 83
38 84
38 88
38 91
38 92
38 93
38 94
38 99
39 40
39 41
39 42
39 44
39 51
39 56
39 60
39 63
39 65
39 68
39 70
39 72
39 77
39 80
39 91
39 95
40 42
40 50
40 54
40 57
40 58
40 64
40 70
40 71
40 74
40 80
40 82
40 90
40 91
40 92
40 99
41 43
41 48
41 62
41 66
41 74
41 76
41 81
41 82
41 96
42 46
42 53
42 55
42 61
42 65
42 68
42 73
42 75
42 76
42 77
42 79
42 83
42 84
42 87
42 88
42 92
42 95
43 44
43 46
43 47
43 50
43 57
43 58
43 63
43 65
43 68
43 72
43 73
43 75
43 82
43 90
43 94
43 97
43 98
44 47
44 48
44 50
44 53
44 58
44 59
44 60
44 61
44 65
44 68
44 78
44 80
44 81
44 88
44 91
44 93
44 95
45 49
45 50
45 52
45 59
45 60
45 61
45 62
45 66
45 67
45 68
45 70
45 76
45 77
45 79
45 86
45 87
45 89
45 95
46 47
46 49
46 53
46 55
46 59
46 62
46 65
46 72
46 80
46 82
46 84
46 85
46 87
46 89
46 90
46 92
46 94
46 96
46 98
47 48
47 55
47 58
47 59
47 61
47 64
47 66
47 68
47 70
47 71
47 78
47 82
47 86
47 87
47 90
48 49
48 55
48 58
48 65
48 67
48 70
48 72
48 78
48 80
48 87
48 88
48 89
48 90
48 96
48 97
48 98
48 99
49 56
49 57
49 60
49 63
49 64
49 65
49 66
49 70
49 72
49 76
49 78
49 80
49 85
49 90
49 92
49 96
49 99
50 53
50 58
50 69
50 71
50 73
50 76
50 80
50 84
50 86
50 90
50 94
50 95
50 96
51 52
51 55
51 58
51 62
51 68
51 72
51 82
51 87
51 89
51 92
51 95
51 96
51 97
51 98
52 53
52 56
52 58
52 59
52 62
52 67
52 68
52 70
52 74
52 81
52 88
53 56
53 60
53 61
53 66
53 70
53 72
53 77
53 80
53 84
53 85
53 86
53 87
53 88
53 91
53 95
54 55
54 59
54 60
54 74
54 78
54 85
54 88
54 89
54 92
54 94
54 95
54 96
54 98
54 99
55 61
55 66
55 67
55 70
55 76
55 79
55 80
55 85
55 86
55 87
55 89
55 90
55 91
55 93
55 97
56 61
56 63
56 70
56 71
56 82
56 85
56 86
56 91
56 93
56 97
57 59
57 60
57 64
57 65
57 68
57 70
57 71
57 74
57 75
57 76
57 79
57 82
57 85
57 88
57 97
57 99
58 69
58 71
58 72
58 76
58 78
58 81
58 82
58 83
58 85
58 88
58 90
58 97
58 98
59 67
59 80
59 84
59 86
59 88
59 89
59 90
59 91
59 99
60 61
60 62
60 71
60 76
60 77
60 78
60 81
60 83
60 87
60 92
60 94
60 98
61 68
61 69
61 77
61 86
61 87
62 63
62 66
62 67
62 70
62 72
62 73
62 75
62 77
62 81
62 82
62 86
62 90
62 94
63 66
63 68
63 69
63 72
63 73
63 78
63 86
63 87
63 91
63 92
63 94
63 98
64 65
64 69
64 72
64 75
64 78
64 79
64 85
64 87
64 88
64 92
64 97
64 99
65 67
65 69
65 73
65 74
65 78
65 80
65 81
65 83
65 85
65 88
65 91
65 94
65 95
66 69
66 72
66 73
66 75
66 80
66 81
66 91
67 74
67 75
67 77
67 78
67 79
67 81
67 82
67 85
67 86
67 87
67 88
67 89
67 97
67 99
68 70
68 71
68 73
68 76
68 78
68 79
68 80
68 81
68 82
68 89
68 90
68 93
68 95
68 97
69 76
69 77
69 85
69 87
69 88
69 89
69 90
69 91
69 98
69 99
70 72
70 74
70 76
70 80
70 81
70 85
70 88
70 89
70 91
70 92
70 93
70 99
71 75
71 79
71 80
71 84
71 85
71 86
71 93
71 95
71 96
71 98
72 73
72 79
72 82
72 88
72 92
72 96
73 74
73 77
73 92
73 94
73 96
73 98
74 79
74 85
74 86
74 89
74 96
74 98
75 76
75 81
75 86
75 90
75 94
76 79
76 80
76 94
76 95
76 98
77 78
77 80
77 81
77 82
77 89
77 91
78 81
78 84
78 86
78 92
78 93
78 95
78 98
78 99
79 92
79 93
79 95
79 98
80 84
80 85
80 86
80 95
80 98
81 83
81 85
81 89
81 90
81 95
81 98
82 83
82 85
82 89
82 92
82 93
82 96
83 85
83 87
83 90
83 92
83 93
83 95
83 96
83 99
84 86
84 88
84 91
84 94
84 95
85 86
85 92
85 96
85 99
86 87
86 91
86 92
86 93
86 97
87 88
87 93
87 98
88 89
88 91
88 92
88 94
88 98
90 94
90 99
91 92
91 94
91 95
92 97
92 98
93 94
93 96
93 97
94 95
94 96
94 97
95 99
